Random seed: 5056161067532259184
---------------- Starting Your Algo --------------------
Configuring your custom algo strategy...
Performing turn 0 of your custom algo strategy
Performing turn 1 of your custom algo strategy
Got scored on at: [25, 11]
All locations: [[25, 11]]
Performing turn 2 of your custom algo strategy
Performing turn 3 of your custom algo strategy
Performing turn 4 of your custom algo strategy
Got scored on at: [2, 11]
All locations: [[25, 11], [2, 11]]
Got scored on at: [2, 11]
All locations: [[25, 11], [2, 11], [2, 11]]
Performing turn 5 of your custom algo strategy
Got scored on at: [1, 12]
All locations: [[25, 11], [2, 11], [2, 11], [1, 12]]
Got scored on at: [1, 12]
All locations: [[25, 11], [2, 11], [2, 11], [1, 12], [1, 12]]
Got scored on at: [1, 12]
All locations: [[25, 11], [2, 11], [2, 11], [1, 12], [1, 12], [1, 12]]
Got scored on at: [1, 12]
All locations: [[25, 11], [2, 11], [2, 11], [1, 12], [1, 12], [1, 12], [1, 12]]
Got scored on at: [1, 12]
All locations: [[25, 11], [2, 11], [2, 11], [1, 12], [1, 12], [1, 12], [1, 12], [1, 12]]
Performing turn 6 of your custom algo strategy
Performing turn 7 of your custom algo strategy
Got scored on at: [26, 12]
All locations: [[25, 11], [2, 11], [2, 11], [1, 12], [1, 12], [1, 12], [1, 12], [1, 12], [26, 12]]
Got scored on at: [26, 12]
All locations: [[25, 11], [2, 11], [2, 11], [1, 12], [1, 12], [1, 12], [1, 12], [1, 12], [26, 12], [26, 12]]
Got scored on at: [26, 12]
All locations: [[25, 11], [2, 11], [2, 11], [1, 12], [1, 12], [1, 12], [1, 12], [1, 12], [26, 12], [26, 12], [26, 12]]
Got scored on at: [26, 12]
All locations: [[25, 11], [2, 11], [2, 11], [1, 12], [1, 12], [1, 12], [1, 12], [1, 12], [26, 12], [26, 12], [26, 12], [26, 12]]
Got scored on at: [26, 12]
All locations: [[25, 11], [2, 11], [2, 11], [1, 12], [1, 12], [1, 12], [1, 12], [1, 12], [26, 12], [26, 12], [26, 12], [26, 12], [26, 12]]
Got scored on at: [26, 12]
All locations: [[25, 11], [2, 11], [2, 11], [1, 12], [1, 12], [1, 12], [1, 12], [1, 12], [26, 12], [26, 12], [26, 12], [26, 12], [26, 12], [26, 12]]
Performing turn 8 of your custom algo strategy
Performing turn 9 of your custom algo strategy
Got scored on at: [2, 11]
All locations: [[25, 11], [2, 11], [2, 11], [1, 12], [1, 12], [1, 12], [1, 12], [1, 12], [26, 12], [26, 12], [26, 12], [26, 12], [26, 12], [26, 12], [2, 11]]
Got scored on at: [2, 11]
All locations: [[25, 11], [2, 11], [2, 11], [1, 12], [1, 12], [1, 12], [1, 12], [1, 12], [26, 12], [26, 12], [26, 12], [26, 12], [26, 12], [26, 12], [2, 11], [2, 11]]
Got scored on at: [2, 11]
All locations: [[25, 11], [2, 11], [2, 11], [1, 12], [1, 12], [1, 12], [1, 12], [1, 12], [26, 12], [26, 12], [26, 12], [26, 12], [26, 12], [26, 12], [2, 11], [2, 11], [2, 11]]
Got scored on at: [2, 11]
All locations: [[25, 11], [2, 11], [2, 11], [1, 12], [1, 12], [1, 12], [1, 12], [1, 12], [26, 12], [26, 12], [26, 12], [26, 12], [26, 12], [26, 12], [2, 11], [2, 11], [2, 11], [2, 11]]
Got scored on at: [2, 11]
All locations: [[25, 11], [2, 11], [2, 11], [1, 12], [1, 12], [1, 12], [1, 12], [1, 12], [26, 12], [26, 12], [26, 12], [26, 12], [26, 12], [26, 12], [2, 11], [2, 11], [2, 11], [2, 11], [2, 11]]
Got scored on at: [2, 11]
All locations: [[25, 11], [2, 11], [2, 11], [1, 12], [1, 12], [1, 12], [1, 12], [1, 12], [26, 12], [26, 12], [26, 12], [26, 12], [26, 12], [26, 12], [2, 11], [2, 11], [2, 11], [2, 11], [2, 11], [2, 11]]
Got scored on at: [2, 11]
All locations: [[25, 11], [2, 11], [2, 11], [1, 12], [1, 12], [1, 12], [1, 12], [1, 12], [26, 12], [26, 12], [26, 12], [26, 12], [26, 12], [26, 12], [2, 11], [2, 11], [2, 11], [2, 11], [2, 11], [2, 11], [2, 11]]
Got scored on at: [2, 11]
All locations: [[25, 11], [2, 11], [2, 11], [1, 12], [1, 12], [1, 12], [1, 12], [1, 12], [26, 12], [26, 12], [26, 12], [26, 12], [26, 12], [26, 12], [2, 11], [2, 11], [2, 11], [2, 11], [2, 11], [2, 11], [2, 11], [2, 11]]
Got scored on at: [2, 11]
All locations: [[25, 11], [2, 11], [2, 11], [1, 12], [1, 12], [1, 12], [1, 12], [1, 12], [26, 12], [26, 12], [26, 12], [26, 12], [26, 12], [26, 12], [2, 11], [2, 11], [2, 11], [2, 11], [2, 11], [2, 11], [2, 11], [2, 11], [2, 11]]
Got scored on at: [2, 11]
All locations: [[25, 11], [2, 11], [2, 11], [1, 12], [1, 12], [1, 12], [1, 12], [1, 12], [26, 12], [26, 12], [26, 12], [26, 12], [26, 12], [26, 12], [2, 11], [2, 11], [2, 11], [2, 11], [2, 11], [2, 11], [2, 11], [2, 11], [2, 11], [2, 11]]
Got scored on at: [2, 11]
All locations: [[25, 11], [2, 11], [2, 11], [1, 12], [1, 12], [1, 12], [1, 12], [1, 12], [26, 12], [26, 12], [26, 12], [26, 12], [26, 12], [26, 12], [2, 11], [2, 11], [2, 11], [2, 11], [2, 11], [2, 11], [2, 11], [2, 11], [2, 11], [2, 11], [2, 11]]
Got scored on at: [2, 11]
All locations: [[25, 11], [2, 11], [2, 11], [1, 12], [1, 12], [1, 12], [1, 12], [1, 12], [26, 12], [26, 12], [26, 12], [26, 12], [26, 12], [26, 12], [2, 11], [2, 11], [2, 11], [2, 11], [2, 11], [2, 11], [2, 11], [2, 11], [2, 11], [2, 11], [2, 11], [2, 11]]
Got scored on at: [2, 11]
All locations: [[25, 11], [2, 11], [2, 11], [1, 12], [1, 12], [1, 12], [1, 12], [1, 12], [26, 12], [26, 12], [26, 12], [26, 12], [26, 12], [26, 12], [2, 11], [2, 11], [2, 11], [2, 11], [2, 11], [2, 11], [2, 11], [2, 11], [2, 11], [2, 11], [2, 11], [2, 11], [2, 11]]
Got scored on at: [2, 11]
All locations: [[25, 11], [2, 11], [2, 11], [1, 12], [1, 12], [1, 12], [1, 12], [1, 12], [26, 12], [26, 12], [26, 12], [26, 12], [26, 12], [26, 12], [2, 11], [2, 11], [2, 11], [2, 11], [2, 11], [2, 11], [2, 11], [2, 11], [2, 11], [2, 11], [2, 11], [2, 11], [2, 11], [2, 11]]
Performing turn 10 of your custom algo strategy
Performing turn 11 of your custom algo strategy
Got scored on at: [2, 11]
All locations: [[25, 11], [2, 11], [2, 11], [1, 12], [1, 12], [1, 12], [1, 12], [1, 12], [26, 12], [26, 12], [26, 12], [26, 12], [26, 12], [26, 12], [2, 11], [2, 11], [2, 11], [2, 11], [2, 11], [2, 11], [2, 11], [2, 11], [2, 11], [2, 11], [2, 11], [2, 11], [2, 11], [2, 11], [2, 11]]
Got scored on at: [2, 11]
All locations: [[25, 11], [2, 11], [2, 11], [1, 12], [1, 12], [1, 12], [1, 12], [1, 12], [26, 12], [26, 12], [26, 12], [26, 12], [26, 12], [26, 12], [2, 11], [2, 11], [2, 11], [2, 11], [2, 11], [2, 11], [2, 11], [2, 11], [2, 11], [2, 11], [2, 11], [2, 11], [2, 11], [2, 11], [2, 11], [2, 11]]
Got scored on at: [2, 11]
All locations: [[25, 11], [2, 11], [2, 11], [1, 12], [1, 12], [1, 12], [1, 12], [1, 12], [26, 12], [26, 12], [26, 12], [26, 12], [26, 12], [26, 12], [2, 11], [2, 11], [2, 11], [2, 11], [2, 11], [2, 11], [2, 11], [2, 11], [2, 11], [2, 11], [2, 11], [2, 11], [2, 11], [2, 11], [2, 11], [2, 11], [2, 11]]
Got scored on at: [2, 11]
All locations: [[25, 11], [2, 11], [2, 11], [1, 12], [1, 12], [1, 12], [1, 12], [1, 12], [26, 12], [26, 12], [26, 12], [26, 12], [26, 12], [26, 12], [2, 11], [2, 11], [2, 11], [2, 11], [2, 11], [2, 11], [2, 11], [2, 11], [2, 11], [2, 11], [2, 11], [2, 11], [2, 11], [2, 11], [2, 11], [2, 11], [2, 11], [2, 11]]
Got scored on at: [2, 11]
All locations: [[25, 11], [2, 11], [2, 11], [1, 12], [1, 12], [1, 12], [1, 12], [1, 12], [26, 12], [26, 12], [26, 12], [26, 12], [26, 12], [26, 12], [2, 11], [2, 11], [2, 11], [2, 11], [2, 11], [2, 11], [2, 11], [2, 11], [2, 11], [2, 11], [2, 11], [2, 11], [2, 11], [2, 11], [2, 11], [2, 11], [2, 11], [2, 11], [2, 11]]
Got scored on at: [2, 11]
All locations: [[25, 11], [2, 11], [2, 11], [1, 12], [1, 12], [1, 12], [1, 12], [1, 12], [26, 12], [26, 12], [26, 12], [26, 12], [26, 12], [26, 12], [2, 11], [2, 11], [2, 11], [2, 11], [2, 11], [2, 11], [2, 11], [2, 11], [2, 11], [2, 11], [2, 11], [2, 11], [2, 11], [2, 11], [2, 11], [2, 11], [2, 11], [2, 11], [2, 11], [2, 11]]
Got scored on at: [2, 11]
All locations: [[25, 11], [2, 11], [2, 11], [1, 12], [1, 12], [1, 12], [1, 12], [1, 12], [26, 12], [26, 12], [26, 12], [26, 12], [26, 12], [26, 12], [2, 11], [2, 11], [2, 11], [2, 11], [2, 11], [2, 11], [2, 11], [2, 11], [2, 11], [2, 11], [2, 11], [2, 11], [2, 11], [2, 11], [2, 11], [2, 11], [2, 11], [2, 11], [2, 11], [2, 11], [2, 11]]
Got scored on at: [2, 11]
All locations: [[25, 11], [2, 11], [2, 11], [1, 12], [1, 12], [1, 12], [1, 12], [1, 12], [26, 12], [26, 12], [26, 12], [26, 12], [26, 12], [26, 12], [2, 11], [2, 11], [2, 11], [2, 11], [2, 11], [2, 11], [2, 11], [2, 11], [2, 11], [2, 11], [2, 11], [2, 11], [2, 11], [2, 11], [2, 11], [2, 11], [2, 11], [2, 11], [2, 11], [2, 11], [2, 11], [2, 11]]
Got scored on at: [2, 11]
All locations: [[25, 11], [2, 11], [2, 11], [1, 12], [1, 12], [1, 12], [1, 12], [1, 12], [26, 12], [26, 12], [26, 12], [26, 12], [26, 12], [26, 12], [2, 11], [2, 11], [2, 11], [2, 11], [2, 11], [2, 11], [2, 11], [2, 11], [2, 11], [2, 11], [2, 11], [2, 11], [2, 11], [2, 11], [2, 11], [2, 11], [2, 11], [2, 11], [2, 11], [2, 11], [2, 11], [2, 11], [2, 11]]
Got scored on at: [2, 11]
All locations: [[25, 11], [2, 11], [2, 11], [1, 12], [1, 12], [1, 12], [1, 12], [1, 12], [26, 12], [26, 12], [26, 12], [26, 12], [26, 12], [26, 12], [2, 11], [2, 11], [2, 11], [2, 11], [2, 11], [2, 11], [2, 11], [2, 11], [2, 11], [2, 11], [2, 11], [2, 11], [2, 11], [2, 11], [2, 11], [2, 11], [2, 11], [2, 11], [2, 11], [2, 11], [2, 11], [2, 11], [2, 11], [2, 11]]
Got scored on at: [2, 11]
All locations: [[25, 11], [2, 11], [2, 11], [1, 12], [1, 12], [1, 12], [1, 12], [1, 12], [26, 12], [26, 12], [26, 12], [26, 12], [26, 12], [26, 12], [2, 11], [2, 11], [2, 11], [2, 11], [2, 11], [2, 11], [2, 11], [2, 11], [2, 11], [2, 11], [2, 11], [2, 11], [2, 11], [2, 11], [2, 11], [2, 11], [2, 11], [2, 11], [2, 11], [2, 11], [2, 11], [2, 11], [2, 11], [2, 11], [2, 11]]
Got scored on at: [2, 11]
All locations: [[25, 11], [2, 11], [2, 11], [1, 12], [1, 12], [1, 12], [1, 12], [1, 12], [26, 12], [26, 12], [26, 12], [26, 12], [26, 12], [26, 12], [2, 11], [2, 11], [2, 11], [2, 11], [2, 11], [2, 11], [2, 11], [2, 11], [2, 11], [2, 11], [2, 11], [2, 11], [2, 11], [2, 11], [2, 11], [2, 11], [2, 11], [2, 11], [2, 11], [2, 11], [2, 11], [2, 11], [2, 11], [2, 11], [2, 11], [2, 11]]
Got scored on at: [2, 11]
All locations: [[25, 11], [2, 11], [2, 11], [1, 12], [1, 12], [1, 12], [1, 12], [1, 12], [26, 12], [26, 12], [26, 12], [26, 12], [26, 12], [26, 12], [2, 11], [2, 11], [2, 11], [2, 11], [2, 11], [2, 11], [2, 11], [2, 11], [2, 11], [2, 11], [2, 11], [2, 11], [2, 11], [2, 11], [2, 11], [2, 11], [2, 11], [2, 11], [2, 11], [2, 11], [2, 11], [2, 11], [2, 11], [2, 11], [2, 11], [2, 11], [2, 11]]
Got scored on at: [2, 11]
All locations: [[25, 11], [2, 11], [2, 11], [1, 12], [1, 12], [1, 12], [1, 12], [1, 12], [26, 12], [26, 12], [26, 12], [26, 12], [26, 12], [26, 12], [2, 11], [2, 11], [2, 11], [2, 11], [2, 11], [2, 11], [2, 11], [2, 11], [2, 11], [2, 11], [2, 11], [2, 11], [2, 11], [2, 11], [2, 11], [2, 11], [2, 11], [2, 11], [2, 11], [2, 11], [2, 11], [2, 11], [2, 11], [2, 11], [2, 11], [2, 11], [2, 11], [2, 11]]
Got scored on at: [2, 11]
All locations: [[25, 11], [2, 11], [2, 11], [1, 12], [1, 12], [1, 12], [1, 12], [1, 12], [26, 12], [26, 12], [26, 12], [26, 12], [26, 12], [26, 12], [2, 11], [2, 11], [2, 11], [2, 11], [2, 11], [2, 11], [2, 11], [2, 11], [2, 11], [2, 11], [2, 11], [2, 11], [2, 11], [2, 11], [2, 11], [2, 11], [2, 11], [2, 11], [2, 11], [2, 11], [2, 11], [2, 11], [2, 11], [2, 11], [2, 11], [2, 11], [2, 11], [2, 11], [2, 11]]
Got end state, game over. Stopping algo.
